[
    [-1.99598209, -1.98483772, -1.96114384, -1.92211527, -1.86785426, -1.80082536,
     -1.72475185, -1.6435674, -1.56072701, -1.47890165, -1.39994653, -1.32501373,
     -1.2547137, -1.18927202, -1.12865902, -1.07268721, -1.02108034, -0.97351979,
     -0.92967447, -0.88921917, -0.85184512, -0.81726544, -0.78521735, -0.75546244,
     -0.72778573, -0.70199418, -0.67791481, -0.65539287, -0.63428991, -0.61448208,
     -0.59585849, -0.57831975, -0.56177666, -0.54614905, -0.53136477, -0.51735872,
     -0.50407213, -0.4914518, -0.4794495, -0.46802143, -0.45712773, -0.44673208,
     -0.43680131, -0.4273051, -0.41821565],
    
    [-1.99582582, -1.98371777, -1.95670686, -1.91012278, -1.84296444, -1.75812762,
     -1.66111938, -1.55819814, -1.4548808, -1.35521516, -1.26170654, -1.17559625,
     -1.09723746, -1.02643108, -0.96267565, -0.90533357, -0.85373236, -0.80722134,
     -0.76519996, -0.7271291, -0.69253297, -0.66099579, -0.6321564, -0.60570195,
     -0.58136171, -0.55890126, -0.53811739, -0.51883357, -0.50089605, -0.4841706,
     -0.46853966, -0.45389999, -0.44016061, -0.42724114, -0.41507032, -0.40358482,
     -0.39272817, -0.38244988, -0.37270469, -0.36345192, -0.35465492, -0.34628057,
     -0.33829888, -0.33068262, -0.32340706],
    
    [-1.99509474, -1.98074878, -1.94851445, -1.89277291, -1.81286316, -1.71347563,
     -1.60257405, -1.48844224, -1.3775895, -1.27407538, -1.17982015, -1.09526756,
     -1.02000562, -0.9532109, -0.89392045, -0.84117913, -0.79410926, -0.75193626,
     -0.71399168, -0.67970548, -0.64859447, -0.62024979, -0.59432536, -0.57052762,
     -0.54860678, -0.52834952, -0.50957292, -0.49211949, -0.47585302, -0.46065523,
     -0.44642296, -0.43306591, -0.42050467, -0.40866919, -0.39749743, -0.38693427,
     -0.37693055, -0.3674423, -0.3584301, -0.34985845, -0.34169534, -0.33391182,
     -0.32648163, -0.3193809, -0.31258788],
    
    [-1.99435563, -1.97775251, -1.94038329, -1.87616033, -1.78560119, -1.67586363,
     -1.55725288, -1.43914533, -1.32783414, -1.22645213, -1.13587545, -1.05570028,
     -0.98494178, -0.92244071, -0.86706633, -0.81780154, -0.77376708, -0.73421795,
     -0.69852865, -0.66617565, -0.6367205, -0.60979506, -0.58508899, -0.56233951,
     -0.54132299, -0.52184819, -0.50375073, -0.48688868, -0.47113884, -0.45639385,
     -0.44255975, -0.4295539, -0.41730342, -0.40574374, -0.39481748, -0.38447346,
     -0.3746659, -0.3653537, -0.3564999, -0.34807114, -0.34003723, -0.33237079,
     -0.32504694, -0.318043, -0.31133827],
    
    [-1.99361898, -1.97479695, -1.93255445, -1.86084008, -1.76198905, -1.64575104,
     -1.52403853, -1.40620107, -1.29750005, -1.19988642, -1.11335364, -1.03698659,
     -0.96957065, -0.90988675, -0.85683099, -0.80944887, -0.76693244, -0.72860395,
     -0.69389622, -0.66233403, -0.63351804, -0.60711123, -0.58282788, -0.56042458,
     -0.53969298, -0.52045383, -0.50255226, -0.48585383, -0.47024133, -0.45561217,
     -0.44187617, -0.4289538, -0.41677465, -0.40527617, -0.39440263, -0.38410419,
     -0.37433618, -0.36505844, -0.35623474, -0.34783237, -0.33982166, -0.3321757,
     -0.32486995, -0.31788208, -0.31119163],
    
    [-1.9928855, -1.97189155, -1.92507941, -1.84692693, -1.74199882, -1.62232096,
     -1.50044927, -1.38486523, -1.2795404, -1.18544856, -1.10206691, -1.02830034,
     -0.96293506, -0.90482744, -0.852967, -0.80648583, -0.76464767, -0.7268308,
     -0.6925105, -0.66124326, -0.63265317, -0.60642051, -0.58227233, -0.55997467,
     -0.53932618, -0.52015287, -0.50230381, -0.48564751, -0.47006902, -0.45546749,
     -0.44175407, -0.42885024, -0.41668641, -0.40520065, -0.39433771, -0.38404816,
     -0.37428763, -0.36501621, -0.35619788, -0.34780009, -0.3397933, -0.33215069,
     -0.32484785, -0.31786248, -0.31117421],
    
    [-1.99215568, -1.96904333, -1.91799134, -1.83444986, -1.72537492, -1.60446785,
     -1.48404762, -1.37131398, -1.26908358, -1.17770908, -1.09647242, -1.02430303,
     -0.96008945, -0.90279869, -0.85151361, -0.80543739, -0.76388511, -0.72627119,
     -0.692096, -0.66093336, -0.63241931, -0.60624242, -0.58213551, -0.55986866,
     -0.53924336, -0.52008767, -0.50225208, -0.48560618, -0.47003578, -0.45544057,
     -0.44173213, -0.42883226, -0.41667159, -0.40518836, -0.39432748, -0.38403959,
     -0.37428042, -0.36501012, -0.35619272, -0.34779569, -0.33978954, -0.33214746,
     -0.32484507, -0.31786007, -0.31117212],
    
    [-1.99143002, -1.96625864, -1.91131376, -1.82338534, -1.71175298, -1.59107777,
     -1.47280923, -1.36281191, -1.2630536, -1.17359044, -1.09371431, -1.02247074,
     -0.9588726, -0.90198681, -0.8509677, -0.80506674, -0.76363072, -0.7260946,
     -0.69197199, -0.66084527, -0.63235603, -0.60619646, -0.58210177, -0.55984364,
     -0.53922463, -0.52007351, -0.50224129, -0.48559788, -0.47002934, -0.45543554,
     -0.44172818, -0.42882913, -0.41666909, -0.40518636, -0.39432586, -0.38403827,
     -0.37427935, -0.36500924, -0.35619199, -0.34779508, -0.33978903, -0.33214704,
     -0.32484471, -0.31785978, -0.31117187],
    
    [-1.990709, -1.96354319, -1.90506131, -1.8136705, -1.70072512, -1.58115353,
     -1.46518553, -1.35751853, -1.25959561, -1.17140711, -1.09235814, -1.02163235,
     -0.95835288, -0.90166217, -0.85076275, -0.80493574, -0.76354587, -0.72603887,
     -0.69193489, -0.66082022, -0.63233889, -0.60618459, -0.58209345, -0.55983773,
     -0.53922039, -0.52007043, -0.50223903, -0.48559621, -0.4700281, -0.4554346,
     -0.44172746, -0.42882858, -0.41666867, -0.40518603, -0.3943256, -0.38403807,
     -0.37427919, -0.36500911, -0.35619189, -0.347795, -0.33978897, -0.33214699,
     -0.32484467, -0.31785974, -0.31117184],
    
    [-1.9899931, -1.96090203, -1.89924038, -1.80521484, -1.69188444, -1.57386256,
     -1.46004899, -1.35423862, -1.25761886, -1.17025207, -1.09169218, -1.02124906,
     -0.95813101, -0.9015324, -0.85068583, -0.80488946, -0.76351757, -0.72602129,
     -0.69192378, -0.6608131, -0.63233426, -0.60618152, -0.58209139, -0.55983634,
     -0.53921943, -0.52006977, -0.50223856, -0.48559587, -0.47002785, -0.45543443,
     -0.44172733, -0.42882849, -0.4166686, -0.40518598, -0.39432556, -0.38403804,
     -0.37427917, -0.36500909, -0.35619187, -0.34779499, -0.33978896, -0.33214698,
     -0.32484466, -0.31785973, -0.31117183],
    
    [-1.98928276, -1.95833949, -1.89385006, -1.79791091, -1.68485268, -1.56854074,
     -1.45660407, -1.35221231, -1.2564909, -1.16964168, -1.09136535, -1.02107389,
     -0.95803632, -0.90148053, -0.85065696, -0.8048731, -0.76350813, -0.72601574,
     -0.69192046, -0.66081108, -0.632333, -0.60618073, -0.58209089, -0.55983601,
     -0.53921921, -0.52006962, -0.50223846, -0.4855958, -0.47002781, -0.45543439,
     -0.44172731, -0.42882847, -0.41666858, -0.40518597, -0.39432555, -0.38403804,
     -0.37427916, -0.36500909, -0.35619187, -0.34779499, -0.33978896, -0.33214698,
     -0.32484466, -0.31785973, -0.31117183],
    
    [-1.98857843, -1.95585924, -1.88888311, -1.79164314, -1.67929461, -1.56467458,
     -1.45430077, -1.35096277, -1.25584794, -1.16931931, -1.09120501, -1.02099384,
     -0.95799592, -0.9014598, -0.85064612, -0.80486732, -0.76350499, -0.72601399,
     -0.69191947, -0.6608105, -0.63233266, -0.60618053, -0.58209076, -0.55983593,
     -0.53921916, -0.52006959, -0.50223844, -0.48559579, -0.4700278, -0.45543439,
     -0.4417273, -0.42882847, -0.41666858, -0.40518597, -0.39432555, -0.38403804,
     -0.37427916, -0.36500909, -0.35619187, -0.34779499, -0.33978896, -0.33214698,
     -0.32484466, -0.31785973, -0.31117183],
    
    [-1.98788053, -1.95346422, -1.88432708, -1.78629481, -1.6749231, -1.56187557,
     -1.45276393, -1.3501931, -1.25548166, -1.16914909, -1.09112636, -1.02095727,
     -0.95797867, -0.90145152, -0.85064206, -0.80486528, -0.76350394, -0.72601344,
     -0.69191917, -0.66081034, -0.63233257, -0.60618048, -0.58209073, -0.55983591,
     -0.53921915, -0.52006958, -0.50223844, -0.48559579, -0.4700278, -0.45543439,
     -0.4417273, -0.42882847, -0.41666858, -0.40518597, -0.39432555, -0.38403804,
     -0.37427916, -0.36500909, -0.35619187, -0.34779499, -0.33978896, -0.33214698,
     -0.32484466, -0.31785973, -0.31117183],
    
    [-1.98718948, -1.95115673, -1.88016543, -1.78175297, -1.67149821, -1.5598542,
     -1.45173992, -1.34971935, -1.25527306, -1.16905924, -1.09108778, -1.02094056,
     -0.95797131, -0.90144821, -0.85064053, -0.80486455, -0.76350359, -0.72601326,
     -0.69191908, -0.66081029, -0.63233254, -0.60618046, -0.58209072, -0.5598359,
     -0.53921915, -0.52006958, -0.50223843, -0.48559579, -0.4700278, -0.45543439,
     -0.4417273, -0.42882847, -0.41666858, -0.40518597, -0.39432555, -0.38403804,
     -0.37427916, -0.36500909, -0.35619187, -0.34779499, -0.33978896, -0.33214698,
     -0.32484466, -0.31785973, -0.31117183],
    
    [-1.98650566, -1.94893838, -1.8763785, -1.77791175, -1.66882314, -1.55839704,
     -1.45105824, -1.34942786, -1.25515429, -1.1690118, -1.09106886, -1.02093293,
     -0.95796817, -0.90144688, -0.85063996, -0.8048643, -0.76350347, -0.72601321,
     -0.69191905, -0.66081028, -0.63233254, -0.60618046, -0.58209072, -0.5598359,
     -0.53921915, -0.52006958, -0.50223843, -0.48559579, -0.47002779, -0.45543439,
     -0.4417273, -0.42882847, -0.41666858, -0.40518597, -0.39432555, -0.38403803,
     -0.37427916, -0.36500909, -0.35619187, -0.34779499, -0.33978896, -0.33214698,
     -0.32484466, -0.31785973, -0.31117183],
    
    [-1.98582943, -1.94681018, -1.87294452, -1.7746743, -1.6667387, -1.55734797,
     -1.45060472, -1.34924857, -1.25508667, -1.16898677, -1.09105958, -1.02092944,
     -0.95796684, -0.90144635, -0.85063975, -0.80486421, -0.76350343, -0.72601319,
     -0.69191905, -0.66081027, -0.63233253, -0.60618046, -0.58209072, -0.5598359,
     -0.53921915, -0.52006958, -0.50223843, -0.48559579, -0.4700278, -0.45543439,
     -0.4417273, -0.42882847, -0.41666858, -0.40518596, -0.39432555, -0.38403804,
     -0.37427916, -0.36500909, -0.35619187, -0.34779499, -0.33978896, -0.33214698,
     -0.32484466, -0.31785973, -0.31117183]
]